40.52352124979594
40.52352124979594
40.52352124979594
40.52352124979594
40.44082953395083
40.42457512431578
40.42457512431578
40.17326069603487
40.17326069603487
40.17326069603487
40.07001356125584
40.07001356125584
40.07001356125584
40.07001356125584
40.07001356125584
40.07001356125584
40.07001356125584
40.07001356125584
40.07001356125584
40.07001356125584
40.07001356125584
40.07001356125584
40.07001356125584
39.975941005371865
39.975941005371865
39.975941005371865
39.975941005371865
39.975941005371865
39.975941005371865
39.83678845941366
39.83678845941366
39.83678845941366
39.466414671116766
39.349467406507785
39.349467406507785
39.349467406507785
39.349467406507785
39.32596283564767
39.24592012797413
39.23318700073594
39.23318700073594
39.23318700073594
39.074648407366766
39.074648407366766
39.074648407366766
39.038970656289834
39.038970656289834
39.038970656289834
39.038970656289834
39.038970656289834
39.038970656289834
39.038970656289834
39.038970656289834
39.038970656289834
38.94948526441276
38.94948526441276
38.856709429501024
38.738176170745554
38.66249308505492
38.62740176524364
38.62740176524364
38.51186894320929
38.51186894320929
38.51186894320929
38.43934953374071
38.43934953374071
38.43934953374071
38.43934953374071
38.3076504893812
38.3076504893812
38.2988976982716
38.0875886046044
38.056336061100296
38.056336061100296
38.056336061100296
38.00941156911382
38.00941156911382
37.98982443583851
37.89599341102512
37.8218854388714
37.81949366542793
37.77543367563389
37.7202268667775
37.711111033369484
37.69169294751239
37.59205167335351
37.59205167335351
37.59205167335351
37.59136178025956
37.26069453739906
37.1537454590561
36.88361580027846
36.872565964091876
36.872565964091876
36.872565964091876
36.86637399384396
36.8386644124162
36.51255211888763
36.205757312233615
36.17066599242234
